100
9936 9905 9870 9827 9802 9732 9724 9678 9677 9611 
9530 9473 9438 9351 9331 9248 9171 9138 9096 9031 
9025 8953 8890 8856 8816 8722 8682 8610 8600 8593 
8559 8511 8465 8416 8366 8354 8299 8233 8199 8141 
8122 8036 7937 7921 7881 7781 7706 7607 7588 7531 
7520 7428 7363 7329 7288 7269 7181 7137 7101 7071 
7017 6967 6911 6829 6735 6640 6629 6613 6591 6550 
6483 6427 6348 6324 6255 6242 6204 6190 6094 6030 
6029 6028 5931 5896 5893 5872 5859 5759 5729 5694 
5639 5630 5549 5540 5476 5474 5462 5377 5330 5253 
