100
8305 6097 3687 262 9432 6877 3665 3987 9054 9720 
5213 8099 7370 4498 9585 4144 5423 5879 2406 9007 
1065 4527 3078 712 7570 4606 5449 902 2446 1994 
3398 3982 6084 350 9121 4690 2540 8717 1602 8598 
6146 776 1885 1227 5859 7933 1665 5563 4085 6362 
5628 3687 1974 8618 2635 9743 5337 4226 1248 5092 
7096 1232 4497 4568 9287 7899 8336 8519 3571 1612 
7810 5792 6067 8285 5630 6348 4847 102 6053 7228 
6414 7123 2214 7129 4136 6151 6806 238 1821 2388 
2729 2622 6749 4516 747 1726 1298 595 3079 5977 
